funcid,dim,milestone,error
7,100,1,3.201622e+03
7,100,2,3.201622e+03
7,100,3,3.201622e+03
7,100,5,3.201622e+03
7,100,10,3.201622e+03
7,100,20,3.201622e+03
7,100,30,3.201622e+03
7,100,40,3.201622e+03
7,100,50,3.201622e+03
7,100,60,3.201622e+03
7,100,70,3.201622e+03
7,100,80,3.201622e+03
7,100,90,3.201622e+03
7,100,100,3.201622e+03
7,100,1,3.201622e+03
7,100,2,3.201622e+03
7,100,3,3.201622e+03
7,100,5,3.201622e+03
7,100,10,3.201622e+03
7,100,20,3.201622e+03
7,100,30,3.201622e+03
7,100,40,3.201622e+03
7,100,50,3.201622e+03
7,100,60,3.201622e+03
7,100,70,3.201622e+03
7,100,80,3.201622e+03
7,100,90,3.201622e+03
7,100,100,3.201622e+03
7,100,1,3.201622e+03
7,100,2,3.201622e+03
7,100,3,3.201622e+03
7,100,5,3.201622e+03
7,100,10,3.201622e+03
7,100,20,3.201622e+03
7,100,30,3.201622e+03
7,100,40,3.201622e+03
7,100,50,3.201622e+03
7,100,60,3.201622e+03
7,100,70,3.201622e+03
7,100,80,3.201622e+03
7,100,90,3.201622e+03
7,100,100,3.201622e+03
7,100,1,3.201622e+03
7,100,2,3.201622e+03
7,100,3,3.201622e+03
7,100,5,3.201622e+03
7,100,10,3.201622e+03
7,100,20,3.201622e+03
7,100,30,3.201622e+03
7,100,40,3.201622e+03
7,100,50,3.201622e+03
7,100,60,3.201622e+03
7,100,70,3.201622e+03
7,100,80,3.201622e+03
7,100,90,3.201622e+03
7,100,100,3.201622e+03
7,100,1,3.201622e+03
7,100,2,3.201622e+03
7,100,3,3.201622e+03
7,100,5,3.201622e+03
7,100,10,3.201622e+03
7,100,20,3.201622e+03
7,100,30,3.201622e+03
7,100,40,3.201622e+03
7,100,50,3.201622e+03
7,100,60,3.201622e+03
7,100,70,3.201622e+03
7,100,80,3.201622e+03
7,100,90,3.201622e+03
7,100,100,3.201622e+03
7,100,1,3.201622e+03
7,100,2,3.201622e+03
7,100,3,3.201622e+03
7,100,5,3.201622e+03
7,100,10,3.201622e+03
7,100,20,3.201622e+03
7,100,30,3.201622e+03
7,100,40,3.201622e+03
7,100,50,3.201622e+03
7,100,60,3.201622e+03
7,100,70,3.201622e+03
7,100,80,3.201622e+03
7,100,90,3.201622e+03
7,100,100,3.201622e+03
7,100,1,3.201622e+03
7,100,2,3.201622e+03
7,100,3,3.201622e+03
7,100,5,3.201622e+03
7,100,10,3.201622e+03
7,100,20,3.201622e+03
7,100,30,3.201622e+03
7,100,40,3.201622e+03
7,100,50,3.201622e+03
7,100,60,3.201622e+03
7,100,70,3.201622e+03
7,100,80,3.201622e+03
7,100,90,3.201622e+03
7,100,100,3.201622e+03
7,100,1,3.201622e+03
7,100,2,3.201622e+03
7,100,3,3.201622e+03
7,100,5,3.201622e+03
7,100,10,3.201622e+03
7,100,20,3.201622e+03
7,100,30,3.201622e+03
7,100,40,3.201622e+03
7,100,50,3.201622e+03
7,100,60,3.201622e+03
7,100,70,3.201622e+03
7,100,80,3.201622e+03
7,100,90,3.201622e+03
7,100,100,3.201622e+03
7,100,1,3.201622e+03
7,100,2,3.201622e+03
7,100,3,3.201622e+03
7,100,5,3.201622e+03
7,100,10,3.201622e+03
7,100,20,3.201622e+03
7,100,30,3.201622e+03
7,100,40,3.201622e+03
7,100,50,3.201622e+03
7,100,60,3.201622e+03
7,100,70,3.201622e+03
7,100,80,3.201622e+03
7,100,90,3.201622e+03
7,100,100,3.201622e+03
7,100,1,3.201622e+03
7,100,2,3.201622e+03
7,100,3,3.201622e+03
7,100,5,3.201622e+03
7,100,10,3.201622e+03
7,100,20,3.201622e+03
7,100,30,3.201622e+03
7,100,40,3.201622e+03
7,100,50,3.201622e+03
7,100,60,3.201622e+03
7,100,70,3.201622e+03
7,100,80,3.201622e+03
7,100,90,3.201622e+03
7,100,100,3.201622e+03
