funcid,dim,milestone,error
3,50,1,5.801747e+05
3,50,2,5.801747e+05
3,50,3,5.801747e+05
3,50,5,5.801747e+05
3,50,10,5.801747e+05
3,50,20,5.801747e+05
3,50,30,5.801747e+05
3,50,40,5.801747e+05
3,50,50,5.801747e+05
3,50,60,5.801747e+05
3,50,70,5.801747e+05
3,50,80,5.801747e+05
3,50,90,5.801747e+05
3,50,100,5.801747e+05
3,50,1,5.801747e+05
3,50,2,5.801747e+05
3,50,3,5.801747e+05
3,50,5,5.801747e+05
3,50,10,5.801747e+05
3,50,20,5.801747e+05
3,50,30,5.801747e+05
3,50,40,5.801747e+05
3,50,50,5.801747e+05
3,50,60,5.801747e+05
3,50,70,5.801747e+05
3,50,80,5.801747e+05
3,50,90,5.801747e+05
3,50,100,5.801747e+05
3,50,1,5.801747e+05
3,50,2,5.801747e+05
3,50,3,5.801747e+05
3,50,5,5.801747e+05
3,50,10,5.801747e+05
3,50,20,5.801747e+05
3,50,30,5.801747e+05
3,50,40,5.801747e+05
3,50,50,5.801747e+05
3,50,60,5.801747e+05
3,50,70,5.801747e+05
3,50,80,5.801747e+05
3,50,90,5.801747e+05
3,50,100,5.801747e+05
3,50,1,5.801747e+05
3,50,2,5.801747e+05
3,50,3,5.801747e+05
3,50,5,5.801747e+05
3,50,10,5.801747e+05
3,50,20,5.801747e+05
3,50,30,5.801747e+05
3,50,40,5.801747e+05
3,50,50,5.801747e+05
3,50,60,5.801747e+05
3,50,70,5.801747e+05
3,50,80,5.801747e+05
3,50,90,5.801747e+05
3,50,100,5.801747e+05
3,50,1,5.801747e+05
3,50,2,5.801747e+05
3,50,3,5.801747e+05
3,50,5,5.801747e+05
3,50,10,5.801747e+05
3,50,20,5.801747e+05
3,50,30,5.801747e+05
3,50,40,5.801747e+05
3,50,50,5.801747e+05
3,50,60,5.801747e+05
3,50,70,5.801747e+05
3,50,80,5.801747e+05
3,50,90,5.801747e+05
3,50,100,5.801747e+05
3,50,1,5.801747e+05
3,50,2,5.801747e+05
3,50,3,5.801747e+05
3,50,5,5.801747e+05
3,50,10,5.801747e+05
3,50,20,5.801747e+05
3,50,30,5.801747e+05
3,50,40,5.801747e+05
3,50,50,5.801747e+05
3,50,60,5.801747e+05
3,50,70,5.801747e+05
3,50,80,5.801747e+05
3,50,90,5.801747e+05
3,50,100,5.801747e+05
3,50,1,5.801747e+05
3,50,2,5.801747e+05
3,50,3,5.801747e+05
3,50,5,5.801747e+05
3,50,10,5.801747e+05
3,50,20,5.801747e+05
3,50,30,5.801747e+05
3,50,40,5.801747e+05
3,50,50,5.801747e+05
3,50,60,5.801747e+05
3,50,70,5.801747e+05
3,50,80,5.801747e+05
3,50,90,5.801747e+05
3,50,100,5.801747e+05
3,50,1,5.801747e+05
3,50,2,5.801747e+05
3,50,3,5.801747e+05
3,50,5,5.801747e+05
3,50,10,5.801747e+05
3,50,20,5.801747e+05
3,50,30,5.801747e+05
3,50,40,5.801747e+05
3,50,50,5.801747e+05
3,50,60,5.801747e+05
3,50,70,5.801747e+05
3,50,80,5.801747e+05
3,50,90,5.801747e+05
3,50,100,5.801747e+05
3,50,1,5.801747e+05
3,50,2,5.801747e+05
3,50,3,5.801747e+05
3,50,5,5.801747e+05
3,50,10,5.801747e+05
3,50,20,5.801747e+05
3,50,30,5.801747e+05
3,50,40,5.801747e+05
3,50,50,5.801747e+05
3,50,60,5.801747e+05
3,50,70,5.801747e+05
3,50,80,5.801747e+05
3,50,90,5.801747e+05
3,50,100,5.801747e+05
3,50,1,5.801747e+05
3,50,2,5.801747e+05
3,50,3,5.801747e+05
3,50,5,5.801747e+05
3,50,10,5.801747e+05
3,50,20,5.801747e+05
3,50,30,5.801747e+05
3,50,40,5.801747e+05
3,50,50,5.801747e+05
3,50,60,5.801747e+05
3,50,70,5.801747e+05
3,50,80,5.801747e+05
3,50,90,5.801747e+05
3,50,100,5.801747e+05
