funcid,dim,milestone,error
3,100,1,7.521912e+05
3,100,2,7.521912e+05
3,100,3,7.521912e+05
3,100,5,7.521912e+05
3,100,10,7.521912e+05
3,100,20,7.521912e+05
3,100,30,7.521912e+05
3,100,40,7.521912e+05
3,100,50,7.521912e+05
3,100,60,7.521912e+05
3,100,70,7.521912e+05
3,100,80,7.521912e+05
3,100,90,7.521912e+05
3,100,100,7.521912e+05
3,100,1,7.521912e+05
3,100,2,7.521912e+05
3,100,3,7.521912e+05
3,100,5,7.521912e+05
3,100,10,7.521912e+05
3,100,20,7.521912e+05
3,100,30,7.521912e+05
3,100,40,7.521912e+05
3,100,50,7.521912e+05
3,100,60,7.521912e+05
3,100,70,7.521912e+05
3,100,80,7.521912e+05
3,100,90,7.521912e+05
3,100,100,7.521912e+05
3,100,1,7.521912e+05
3,100,2,7.521912e+05
3,100,3,7.521912e+05
3,100,5,7.521912e+05
3,100,10,7.521912e+05
3,100,20,7.521912e+05
3,100,30,7.521912e+05
3,100,40,7.521912e+05
3,100,50,7.521912e+05
3,100,60,7.521912e+05
3,100,70,7.521912e+05
3,100,80,7.521912e+05
3,100,90,7.521912e+05
3,100,100,7.521912e+05
3,100,1,7.521912e+05
3,100,2,7.521912e+05
3,100,3,7.521912e+05
3,100,5,7.521912e+05
3,100,10,7.521912e+05
3,100,20,7.521912e+05
3,100,30,7.521912e+05
3,100,40,7.521912e+05
3,100,50,7.521912e+05
3,100,60,7.521912e+05
3,100,70,7.521912e+05
3,100,80,7.521912e+05
3,100,90,7.521912e+05
3,100,100,7.521912e+05
3,100,1,7.521912e+05
3,100,2,7.521912e+05
3,100,3,7.521912e+05
3,100,5,7.521912e+05
3,100,10,7.521912e+05
3,100,20,7.521912e+05
3,100,30,7.521912e+05
3,100,40,7.521912e+05
3,100,50,7.521912e+05
3,100,60,7.521912e+05
3,100,70,7.521912e+05
3,100,80,7.521912e+05
3,100,90,7.521912e+05
3,100,100,7.521912e+05
3,100,1,7.521912e+05
3,100,2,7.521912e+05
3,100,3,7.521912e+05
3,100,5,7.521912e+05
3,100,10,7.521912e+05
3,100,20,7.521912e+05
3,100,30,7.521912e+05
3,100,40,7.521912e+05
3,100,50,7.521912e+05
3,100,60,7.521912e+05
3,100,70,7.521912e+05
3,100,80,7.521912e+05
3,100,90,7.521912e+05
3,100,100,7.521912e+05
3,100,1,7.521912e+05
3,100,2,7.521912e+05
3,100,3,7.521912e+05
3,100,5,7.521912e+05
3,100,10,7.521912e+05
3,100,20,7.521912e+05
3,100,30,7.521912e+05
3,100,40,7.521912e+05
3,100,50,7.521912e+05
3,100,60,7.521912e+05
3,100,70,7.521912e+05
3,100,80,7.521912e+05
3,100,90,7.521912e+05
3,100,100,7.521912e+05
3,100,1,7.521912e+05
3,100,2,7.521912e+05
3,100,3,7.521912e+05
3,100,5,7.521912e+05
3,100,10,7.521912e+05
3,100,20,7.521912e+05
3,100,30,7.521912e+05
3,100,40,7.521912e+05
3,100,50,7.521912e+05
3,100,60,7.521912e+05
3,100,70,7.521912e+05
3,100,80,7.521912e+05
3,100,90,7.521912e+05
3,100,100,7.521912e+05
3,100,1,7.521912e+05
3,100,2,7.521912e+05
3,100,3,7.521912e+05
3,100,5,7.521912e+05
3,100,10,7.521912e+05
3,100,20,7.521912e+05
3,100,30,7.521912e+05
3,100,40,7.521912e+05
3,100,50,7.521912e+05
3,100,60,7.521912e+05
3,100,70,7.521912e+05
3,100,80,7.521912e+05
3,100,90,7.521912e+05
3,100,100,7.521912e+05
3,100,1,7.521912e+05
3,100,2,7.521912e+05
3,100,3,7.521912e+05
3,100,5,7.521912e+05
3,100,10,7.521912e+05
3,100,20,7.521912e+05
3,100,30,7.521912e+05
3,100,40,7.521912e+05
3,100,50,7.521912e+05
3,100,60,7.521912e+05
3,100,70,7.521912e+05
3,100,80,7.521912e+05
3,100,90,7.521912e+05
3,100,100,7.521912e+05
