funcid,dim,milestone,error
1,100,1,2.609669e+11
1,100,2,2.609669e+11
1,100,3,2.609669e+11
1,100,5,2.609669e+11
1,100,10,2.609669e+11
1,100,20,2.609669e+11
1,100,30,2.609669e+11
1,100,40,2.609669e+11
1,100,50,2.609669e+11
1,100,60,2.609669e+11
1,100,70,2.609669e+11
1,100,80,2.609669e+11
1,100,90,2.609669e+11
1,100,100,2.609669e+11
1,100,1,2.609669e+11
1,100,2,2.609669e+11
1,100,3,2.609669e+11
1,100,5,2.609669e+11
1,100,10,2.609669e+11
1,100,20,2.609669e+11
1,100,30,2.609669e+11
1,100,40,2.609669e+11
1,100,50,2.609669e+11
1,100,60,2.609669e+11
1,100,70,2.609669e+11
1,100,80,2.609669e+11
1,100,90,2.609669e+11
1,100,100,2.609669e+11
1,100,1,2.609669e+11
1,100,2,2.609669e+11
1,100,3,2.609669e+11
1,100,5,2.609669e+11
1,100,10,2.609669e+11
1,100,20,2.609669e+11
1,100,30,2.609669e+11
1,100,40,2.609669e+11
1,100,50,2.609669e+11
1,100,60,2.609669e+11
1,100,70,2.609669e+11
1,100,80,2.609669e+11
1,100,90,2.609669e+11
1,100,100,2.609669e+11
1,100,1,2.609669e+11
1,100,2,2.609669e+11
1,100,3,2.609669e+11
1,100,5,2.609669e+11
1,100,10,2.609669e+11
1,100,20,2.609669e+11
1,100,30,2.609669e+11
1,100,40,2.609669e+11
1,100,50,2.609669e+11
1,100,60,2.609669e+11
1,100,70,2.609669e+11
1,100,80,2.609669e+11
1,100,90,2.609669e+11
1,100,100,2.609669e+11
1,100,1,2.609669e+11
1,100,2,2.609669e+11
1,100,3,2.609669e+11
1,100,5,2.609669e+11
1,100,10,2.609669e+11
1,100,20,2.609669e+11
1,100,30,2.609669e+11
1,100,40,2.609669e+11
1,100,50,2.609669e+11
1,100,60,2.609669e+11
1,100,70,2.609669e+11
1,100,80,2.609669e+11
1,100,90,2.609669e+11
1,100,100,2.609669e+11
1,100,1,2.609669e+11
1,100,2,2.609669e+11
1,100,3,2.609669e+11
1,100,5,2.609669e+11
1,100,10,2.609669e+11
1,100,20,2.609669e+11
1,100,30,2.609669e+11
1,100,40,2.609669e+11
1,100,50,2.609669e+11
1,100,60,2.609669e+11
1,100,70,2.609669e+11
1,100,80,2.609669e+11
1,100,90,2.609669e+11
1,100,100,2.609669e+11
1,100,1,2.609669e+11
1,100,2,2.609669e+11
1,100,3,2.609669e+11
1,100,5,2.609669e+11
1,100,10,2.609669e+11
1,100,20,2.609669e+11
1,100,30,2.609669e+11
1,100,40,2.609669e+11
1,100,50,2.609669e+11
1,100,60,2.609669e+11
1,100,70,2.609669e+11
1,100,80,2.609669e+11
1,100,90,2.609669e+11
1,100,100,2.609669e+11
1,100,1,2.609669e+11
1,100,2,2.609669e+11
1,100,3,2.609669e+11
1,100,5,2.609669e+11
1,100,10,2.609669e+11
1,100,20,2.609669e+11
1,100,30,2.609669e+11
1,100,40,2.609669e+11
1,100,50,2.609669e+11
1,100,60,2.609669e+11
1,100,70,2.609669e+11
1,100,80,2.609669e+11
1,100,90,2.609669e+11
1,100,100,2.609669e+11
1,100,1,2.609669e+11
1,100,2,2.609669e+11
1,100,3,2.609669e+11
1,100,5,2.609669e+11
1,100,10,2.609669e+11
1,100,20,2.609669e+11
1,100,30,2.609669e+11
1,100,40,2.609669e+11
1,100,50,2.609669e+11
1,100,60,2.609669e+11
1,100,70,2.609669e+11
1,100,80,2.609669e+11
1,100,90,2.609669e+11
1,100,100,2.609669e+11
1,100,1,2.609669e+11
1,100,2,2.609669e+11
1,100,3,2.609669e+11
1,100,5,2.609669e+11
1,100,10,2.609669e+11
1,100,20,2.609669e+11
1,100,30,2.609669e+11
1,100,40,2.609669e+11
1,100,50,2.609669e+11
1,100,60,2.609669e+11
1,100,70,2.609669e+11
1,100,80,2.609669e+11
1,100,90,2.609669e+11
1,100,100,2.609669e+11
