funcid,dim,milestone,error
7,30,1,5.978602e+02
7,30,2,5.978602e+02
7,30,3,5.978602e+02
7,30,5,5.978602e+02
7,30,10,5.978602e+02
7,30,20,5.978602e+02
7,30,30,5.978602e+02
7,30,40,5.978602e+02
7,30,50,5.978602e+02
7,30,60,5.978602e+02
7,30,70,5.978602e+02
7,30,80,5.978602e+02
7,30,90,5.978602e+02
7,30,100,5.978602e+02
7,30,1,5.978602e+02
7,30,2,5.978602e+02
7,30,3,5.978602e+02
7,30,5,5.978602e+02
7,30,10,5.978602e+02
7,30,20,5.978602e+02
7,30,30,5.978602e+02
7,30,40,5.978602e+02
7,30,50,5.978602e+02
7,30,60,5.978602e+02
7,30,70,5.978602e+02
7,30,80,5.978602e+02
7,30,90,5.978602e+02
7,30,100,5.978602e+02
7,30,1,5.978602e+02
7,30,2,5.978602e+02
7,30,3,5.978602e+02
7,30,5,5.978602e+02
7,30,10,5.978602e+02
7,30,20,5.978602e+02
7,30,30,5.978602e+02
7,30,40,5.978602e+02
7,30,50,5.978602e+02
7,30,60,5.978602e+02
7,30,70,5.978602e+02
7,30,80,5.978602e+02
7,30,90,5.978602e+02
7,30,100,5.978602e+02
7,30,1,5.978602e+02
7,30,2,5.978602e+02
7,30,3,5.978602e+02
7,30,5,5.978602e+02
7,30,10,5.978602e+02
7,30,20,5.978602e+02
7,30,30,5.978602e+02
7,30,40,5.978602e+02
7,30,50,5.978602e+02
7,30,60,5.978602e+02
7,30,70,5.978602e+02
7,30,80,5.978602e+02
7,30,90,5.978602e+02
7,30,100,5.978602e+02
7,30,1,5.978602e+02
7,30,2,5.978602e+02
7,30,3,5.978602e+02
7,30,5,5.978602e+02
7,30,10,5.978602e+02
7,30,20,5.978602e+02
7,30,30,5.978602e+02
7,30,40,5.978602e+02
7,30,50,5.978602e+02
7,30,60,5.978602e+02
7,30,70,5.978602e+02
7,30,80,5.978602e+02
7,30,90,5.978602e+02
7,30,100,5.978602e+02
7,30,1,5.978602e+02
7,30,2,5.978602e+02
7,30,3,5.978602e+02
7,30,5,5.978602e+02
7,30,10,5.978602e+02
7,30,20,5.978602e+02
7,30,30,5.978602e+02
7,30,40,5.978602e+02
7,30,50,5.978602e+02
7,30,60,5.978602e+02
7,30,70,5.978602e+02
7,30,80,5.978602e+02
7,30,90,5.978602e+02
7,30,100,5.978602e+02
7,30,1,5.978602e+02
7,30,2,5.978602e+02
7,30,3,5.978602e+02
7,30,5,5.978602e+02
7,30,10,5.978602e+02
7,30,20,5.978602e+02
7,30,30,5.978602e+02
7,30,40,5.978602e+02
7,30,50,5.978602e+02
7,30,60,5.978602e+02
7,30,70,5.978602e+02
7,30,80,5.978602e+02
7,30,90,5.978602e+02
7,30,100,5.978602e+02
7,30,1,5.978602e+02
7,30,2,5.978602e+02
7,30,3,5.978602e+02
7,30,5,5.978602e+02
7,30,10,5.978602e+02
7,30,20,5.978602e+02
7,30,30,5.978602e+02
7,30,40,5.978602e+02
7,30,50,5.978602e+02
7,30,60,5.978602e+02
7,30,70,5.978602e+02
7,30,80,5.978602e+02
7,30,90,5.978602e+02
7,30,100,5.978602e+02
7,30,1,5.978602e+02
7,30,2,5.978602e+02
7,30,3,5.978602e+02
7,30,5,5.978602e+02
7,30,10,5.978602e+02
7,30,20,5.978602e+02
7,30,30,5.978602e+02
7,30,40,5.978602e+02
7,30,50,5.978602e+02
7,30,60,5.978602e+02
7,30,70,5.978602e+02
7,30,80,5.978602e+02
7,30,90,5.978602e+02
7,30,100,5.978602e+02
7,30,1,5.978602e+02
7,30,2,5.978602e+02
7,30,3,5.978602e+02
7,30,5,5.978602e+02
7,30,10,5.978602e+02
7,30,20,5.978602e+02
7,30,30,5.978602e+02
7,30,40,5.978602e+02
7,30,50,5.978602e+02
7,30,60,5.978602e+02
7,30,70,5.978602e+02
7,30,80,5.978602e+02
7,30,90,5.978602e+02
7,30,100,5.978602e+02
